header: 
  seq: 0
  stamp: 
    secs: 1684788093
    nsecs: 846094417
  frame_id: "planner"
start_pose: 
  position: 
    x: -185.2425489232392
    y: 331.27710121439185
    z: 113.22867982087482
  orientation: 
    x: 0.0
    y: 0.0
    z: 0.8625707110802375
    w: 0.5059365260450499
current_speed: 
  x: 0.0
  y: 0.0
  z: 0.0
wind_speed: 
  x: 0.0
  y: 0.0
  z: 0.0
max_planning_time: 5.0
maximum_range: 10800.0
desired_speed: 18.0
search_bounds: 
  points: 
    - 
      x: 769.361083984375
      y: -216.13546752929688
      z: 0.0
    - 
      x: 769.332275390625
      y: 783.9510498046875
      z: 0.0
    - 
      x: -230.7538299560547
      y: 783.9223022460938
      z: 0.0
    - 
      x: -230.72508239746094
      y: -216.16421508789062
      z: 0.0
counter_detection_range: 50.0
min_loiter_radius: 0.0
sensor_constraints: 
  min_direction: 
    x: 0.0
    y: 0.0
    z: 0.0
  max_direction: 
    x: 0.0
    y: 0.0
    z: 0.0
  min_field_of_regard_horizontal: 0.0
  max_field_of_regard_horizontal: 0.0
  min_field_of_regard_vertical: 0.0
  max_field_of_regard_vertical: 0.0
target_priors: 
  - 
    header: 
      seq: 0
      stamp: 
        secs: 1684788093
        nsecs: 846203274
      frame_id: "planner"
    grid_prior: 
      header: 
        seq: 0
        stamp: 
          secs: 1684788093
          nsecs: 846205301
        frame_id: "planner"
      grid_prior_type: 1
      bounds: 
        points: 
          - 
            x: -145.6522979736328
            y: 4.6381001472473145
            z: 0.0
          - 
            x: -145.65159606933594
            y: 44.638099670410156
            z: 0.0
          - 
            x: -185.65159606933594
            y: 44.63880920410156
            z: 0.0
          - 
            x: -185.6522979736328
            y: 4.63880729675293
            z: 0.0
      confidence: 0.5
      priority: 10.0
      sensor_model_id: 0
  - 
    header: 
      seq: 0
      stamp: 
        secs: 1684788093
        nsecs: 846211212
      frame_id: "planner"
    grid_prior: 
      header: 
        seq: 1
        stamp: 
          secs: 1684788093
          nsecs: 846211284
        frame_id: "planner"
      grid_prior_type: 1
      bounds: 
        points: 
          - 
            x: 769.361083984375
            y: -216.13546752929688
            z: 0.0
          - 
            x: 769.332275390625
            y: 783.9510498046875
            z: 0.0
          - 
            x: -230.7538299560547
            y: 783.9223022460938
            z: 0.0
          - 
            x: -230.72508239746094
            y: -216.16421508789062
            z: 0.0
      confidence: 0.5
      priority: 1.0
      sensor_model_id: 0
keep_out_zones: []
clear_tree: False
planner_params: 
  header: 
    seq: 1
    stamp: 
      secs: 1684788093
      nsecs: 846094417
    frame_id: "planner"
  strict_stay_in_bounds: True
  prob_sample_track: 0.5
  track_reward_weight: 1.0
  search_reward_weight: 1.0
  flight_height: 100
  max_kappa: 0.05
scenario: 0