# planning parameters
clear_tree: True
max_planning_time: 10.0
maximum_range: 10000.0
desired_speed: 100.0
counter_detection_range: 50.0
min_loiter_radius: 500.0
wind_speed: 
  x: 0.0
  y: 0.0
  z: 0.0

# drone
start_pose: 
  position: 
    x: 4200.0
    y: 2500.0
    z: 110.0
  orientation: 
    x: 0.0
    y: 0.0
    z: 1.0
    w: 0.0
current_speed: 
  x: 12.0
  y: 9.0
  z: 0.1

# sensor
sensor_constraints: 
  min_direction: 
    x: -2.0
    y: -2.0
    z: -2.0
  max_direction: 
    x: -2.0
    y: -2.0
    z: -2.0
  min_field_of_regard_horizontal: -2.0
  max_field_of_regard_horizontal: -1.0
  min_field_of_regard_vertical: -2.0
  max_field_of_regard_vertical: -1.0

# map
search_bounds: 
  points: 
    - 
      x: 0.0
      y: 0.0
      z: 0.0
    - 
      x: 4000.0
      y: 0.0
      z: 0.0
    - 
      x: 5000.0
      y: 5000.0
      z: 0.0
    - 
      x: 3000.0
      y: 5000.0
      z: 0.0
    - 
      x: 2200.0
      y: 2500.0
      z: 0.0

# target priors
target_priors: 
  - 
    target:   # top most
      header: 
        frame_id: "local_enu"
      local_id: 1
      global_id: 1
      x: 3700.0
      y: 4500.0
      xdot: 4.2
      ydot: 5.44574069056
      
      covariance: [10000.0, 0.0, 0.0, 0.0, 0.0, 0.0, 10000.0, 0.0, 0.0, 0.0, 0.0, 0.0, 0.001, 0.0, 0.0, 0.0, 0.0, 0.0, 0.01, 0.0, 0.0, 0.0, 0.0, 0.0, 0.0]
      priority: 0.0
      sensor_model_id: 0
  - 
    target:   # top, a bit lower to the right
      header: 
        frame_id: "local_enu"
      local_id: 2
      global_id: 2
      x: 4000.0
      y: 4000.0
      xdot: 4.2
      ydot: 5.61855291304
      
      covariance: [10000.0, 0.0, 0.0, 0.0, 0.0, 0.0, 10000.0, 0.0, 0.0, 0.0, 0.0, 0.0, 0.001, 0.0, 0.0, 0.0, 0.0, 0.0, 0.01, 0.0, 0.0, 0.0, 0.0, 0.0, 0.0]
      priority: 0.0
      sensor_model_id: 0
  - 
    target:  # wayyy bottom left
      header: 
        frame_id: "local_enu"
      local_id: 3
      global_id: 3
      x: 2000.0
      y: 750.0
      xdot: 0.0
      ydot: 4.29995657745
      
      covariance: [10000.0, 0.0, 0.0, 0.0, 0.0, 0.0, 10000.0, 0.0, 0.0, 0.0, 0.0, 0.0, 0.001, 0.0, 0.0, 0.0, 0.0, 0.0, 0.01, 0.0, 0.0, 0.0, 0.0, 0.0, 0.0]
      priority: 0.0
      sensor_model_id: 0