# planning parameters
clear_tree: True
max_planning_time: 10.0
maximum_range: 10000.0
desired_speed: 100.0
counter_detection_range: 50.0
min_loiter_radius: 500.0
wind_speed: 
  x: 0.1
  y: 0.1
  z: 0.1

# drone
start_pose: 
  position: 
    x: 1000.0
    y: 1000.0
    z: 110.0
  orientation: 
    x: 0.0
    y: 0.0
    z: 0.0
    w: 1.0
current_speed: 
  x: 12.0
  y: 9.0
  z: 0.1

# sensor
sensor_constraints: 
  min_direction: 
    x: -2.0
    y: -2.0
    z: -2.0
  max_direction: 
    x: -2.0
    y: -2.0
    z: -2.0
  min_field_of_regard_horizontal: -2.0
  max_field_of_regard_horizontal: -1.0
  min_field_of_regard_vertical: -2.0
  max_field_of_regard_vertical: -1.0

# map
search_bounds: 
  points: 
    - 
      x: 0.0
      y: 0.0
      z: 0.0
    - 
      x: 4500.0
      y: 0.0
      z: 0.0
    - 
      x: 4900.0
      y: 4900.0
      z: 0.0
    - 
      x: 0.0
      y: 4900.0
      z: 0.0

# target priors
target_priors: 
  - 
    target: 
      header: 
        frame_id: "local_enu"
      local_id: 1
      global_id: 1
      x: 168.498793175
      y: 428.019278009
      xdot: 1.55774113671
      ydot: 5.44574069056
      
      covariance: [1000.0, 0.0, 0.0, 0.0, 0.0, 0.0, 1000.0, 0.0, 0.0, 0.0, 0.0, 0.0, 0.01, 0.0, 0.0, 0.0, 0.0, 0.0, 0.01, 0.0, 0.0, 0.0, 0.0, 0.0, 1.0]
      priority: 0.0
      sensor_model_id: 0
  - 
    target: 
      header: 
        frame_id: "local_enu"
      local_id: 2
      global_id: 2
      x: 1594.33948301
      y: 791.886976266
      xdot: 1.7102680636
      ydot: 5.61855291304
      
      covariance: [1000.0, 0.0, 0.0, 0.0, 0.0, 0.0, 1000.0, 0.0, 0.0, 0.0, 0.0, 0.0, 0.01, 0.0, 0.0, 0.0, 0.0, 0.0, 0.01, 0.0, 0.0, 0.0, 0.0, 0.0, 1.0]
      priority: 0.0
      sensor_model_id: 0
  - 
    target: 
      header: 
        frame_id: "local_enu"
      local_id: 3
      global_id: 3
      x: 2014.01096382
      y: 1472.28860796
      xdot: 1.2761761356
      ydot: 4.29995657745
      
      covariance: [1000.0, 0.0, 0.0, 0.0, 0.0, 0.0, 1000.0, 0.0, 0.0, 0.0, 0.0, 0.0, 0.01, 0.0, 0.0, 0.0, 0.0, 0.0, 0.01, 0.0, 0.0, 0.0, 0.0, 0.0, 1.0]
      priority: 0.0
      sensor_model_id: 0
  - 
    target: 
      header: 
        frame_id: "local_enu"
      local_id: 4
      global_id: 4
      x: 2493.16114499
      y: 1204.7897982
      xdot: 1.73112935652
      ydot: 5.38185527765
      
      covariance: [1000.0, 0.0, 0.0, 0.0, 0.0, 0.0, 1000.0, 0.0, 0.0, 0.0, 0.0, 0.0, 0.01, 0.0, 0.0, 0.0, 0.0, 0.0, 0.01, 0.0, 0.0, 0.0, 0.0, 0.0, 1.0]
      priority: 0.0
      sensor_model_id: 0
  - 
    target: 
      header: 
        frame_id: "local_enu"
      local_id: 5
      global_id: 5
      x: 2954.42544038
      y: 904.111543697
      xdot: 1.76675643389
      ydot: 4.82913137329
      
      covariance: [1000.0, 0.0, 0.0, 0.0, 0.0, 0.0, 1000.0, 0.0, 0.0, 0.0, 0.0, 0.0, 0.01, 0.0, 0.0, 0.0, 0.0, 0.0, 0.01, 0.0, 0.0, 0.0, 0.0, 0.0, 1.0]
      priority: 0.0
      sensor_model_id: 0
